
fc1_dump_header2doris.py v1,0, doris software, 2021

**************************************************************
*_Start_readfiles:
**************************************************************
Volume file:                                      	spacety_SLC_SM_2537_20231126T031505_Sub1.h5
Volume_ID:                                        	spacety_SLC_SM_2537_20231126T031505_Sub1.h5
Volume_set_identifier:                            	228236
(Check)Number of records in ref. file:            	20236
SAR_PROCESSOR:                                    	2.1
Product type specifier:                           	chaohu-1
Logical volume generating facility:               	2.1
Logical volume creation date:                     	2023-12-27T22:45:47.203000
Location and date/time of product creation:       	2023-12-27T22:45:47.203000
Scene identification:                             	Orbit: 1 DESCENDING Mode: StripMap
Scene location:                                   	lat: 22.94409312309306 lon: 114.25642845848506
Leader file:                                      	spacety_SLC_SM_2537_20231126T031505_Sub1.h5
Sensor platform mission identifer:                	chaohu-1
Scene_centre_latitude:                            	22.94409312309306
Scene_centre_longitude:                           	114.25642845848506
Radar_wavelength (m):                             	0.055517120823757024
First_pixel_azimuth_time (UTC):                   	26-Nov-2023 03:15:06.128659
Pulse_Repetition_Frequency (computed, Hz):        	4015.2579803252356
Total_azimuth_band_width (Hz):                    	2876.9462748693672
Weighting_azimuth:                                	taylor_20_4
Xtrack_f_DC_constant (Hz, early edge):            	-26.025271153552055
Xtrack_f_DC_linear (Hz/s, early edge):            	0.0
Xtrack_f_DC_quadratic (Hz/s/s, early edge):       	0.0
Range_time_to_first_pixel (2way) (ms):            	4.020953128393986
Range_sampling_rate (computed, MHz):              	24.0
Total_range_band_width (MHz):                     	20.0
Weighting_range:                                  	taylor_20_4

**************************************************************
Datafile:                                         	spacety_SLC_SM_2537_20231126T031505_Sub1.h5
Dataformat:                                       	HDF5
Number_of_lines_original:                         	20236
Number_of_pixels_original:                        	22866
**************************************************************
* End_readfiles:_NORMAL
**************************************************************


**************************************************************
*_Start_leader_datapoints
**************************************************************
 t(s)		X(m)		Y(m)		Z(m)
NUMBER_OF_DATAPOINTS: 			217

   11605    -2301616.267 5505514.033000001 3433071.0039999997
   11606    -2301619.761     5509587.079     3426550.567
   11607    -2301619.863     5513653.424     3420025.937
   11608    -2301616.574 5517713.066000001     3413497.115
   11609 -2301609.8940000003     5521765.997     3406964.117
   11610    -2301599.827     5525812.214 3400426.9420000003
   11611    -2301586.371     5529851.711     3393885.603
   11612    -2301569.528     5533884.479     3387340.111
   11613 -2301549.2989999996 5537910.517999999 3380790.4669999997
   11614    -2301525.685      5541929.82     3374236.683
   11615    -2301498.687     5545942.377 3367678.7709999997
   11616 -2301468.3060000003 5549948.188999999     3361116.729
   11617    -2301434.543 5553947.248000001     3354550.572
   11618 -2301397.3989999997 5557939.545999999 3347980.3109999998
   11619 -2301356.8759999997     5561925.083     3341405.945
   11620    -2301312.973     5565903.848     3334827.491
   11621    -2301265.692     5569875.841     3328244.949
   11622    -2301215.035 5573841.0540000005 3321658.3310000002
   11623    -2301161.002     5577799.478      3315067.65
   11624    -2301103.594     5581751.116     3308472.904
   11625    -2301042.813 5585695.9569999995     3301874.106
   11626    -2300978.659     5589633.995     3295271.268
   11627    -2300911.133     5593565.229     3288664.391
   11628 -2300840.2369999997     5597489.649     3282053.489
   11629    -2300765.972     5601407.255     3275438.565
   11630 -2300688.3389999997 5605318.038000001     3268819.628
   11631    -2300607.338     5609221.991     3262196.693
   11632    -2300522.971     5613119.114     3255569.758
   11633    -2300435.239 5617009.398999999 3248938.8359999997
   11634 -2300344.1429999997     5620892.839     3242303.939
   11635    -2300249.684     5624769.432     3235665.068
   11636    -2300151.863      5628639.17     3229022.237
   11637    -2300050.682     5632502.051     3222375.448
   11638    -2299946.142     5636358.067 3215724.7120000003
   11639 -2299838.2430000002 5640207.2129999995     3209070.042
   11640    -2299726.987     5644049.486 3202411.4370000004
   11641    -2299612.375      5647884.88 3195748.9110000003
   11642    -2299494.407     5651713.387     3189082.474
   11643    -2299373.086     5655535.006     3182412.128
   11644 -2299248.4129999997     5659349.727 3175737.8880000003
   11645    -2299120.388     5663157.551 3169059.7550000004
   11646    -2298989.012      5666958.47 3162377.7399999998
   11647    -2298854.287     5670752.476     3155691.857
   11648    -2298716.215     5674539.568 3149002.1040000003
   11649    -2298574.795      5678319.74     3142308.495
   11650     -2298430.03     5682092.984     3135611.041
   11651 -2298281.9209999996       5685859.3 3128909.7430000002
   11652    -2298130.467     5689618.677     3122204.617
   11653 -2297975.6720000003     5693371.116     3115495.663
   11654    -2297817.537     5697116.608     3108782.893
   11655    -2297656.061     5700855.147     3102066.319
   11656    -2297491.247     5704586.733     3095345.943
   11657    -2297323.095     5708311.357     3088621.775
   11658    -2297151.608     5712029.013     3081893.828
   11659 -2296976.7849999997       5715739.7     3075162.103
   11660 -2296798.6289999997      5719443.41     3068426.612
   11661 -2296617.1410000003 5723140.137999999     3061687.366
   11662    -2296432.322     5726829.881     3054944.367
   11663 -2296244.1720000003     5730512.631      3048197.63
   11664    -2296052.694     5734188.387     3041447.155
   11665    -2295857.889     5737857.142     3034692.956
   11666 -2295659.7569999998 5741518.8889999995 3027935.0439999998
   11667      -2295458.3     5745173.626     3021173.419
   11668     -2295253.52     5748821.348     3014408.094
   11669    -2295045.418     5752462.047     3007639.081
   11670    -2294833.994     5756095.722      3000866.38
   11671     -2294619.25 5759722.364999999     2994090.008
   11672 -2294401.1879999996     5763341.974     2987309.965
   11673 -2294179.8090000004     5766954.542 2980526.2619999996
   11674    -2293955.114     5770560.063     2973738.914
   11675 -2293727.1040000003     5774158.536     2966947.919
   11676    -2293495.781     5777749.954      2960153.29
   11677 -2293261.1459999997 5781334.308999999      2953355.04
   11678      -2293023.2     5784911.602 2946553.1689999998
   11679 -2292781.9439999997     5788481.823     2939747.693
   11680    -2292537.381     5792044.972 2932938.6119999997
   11681    -2292289.511     5795601.042     2926125.938
   11682    -2292038.335     5799150.025     2919309.685
   11683    -2291783.855     5802691.923      2912489.85
   11684    -2291526.073 5806226.725000001      2905666.45
   11685 -2291264.9889999996     5809754.427     2898839.495
   11686    -2291000.605     5813275.028     2892008.986
   11687 -2290732.9220000003 5816788.518999999     2885174.938
   11688    -2290461.942     5820294.898     2878337.353
   11689 -2290187.6659999997 5823794.160999999     2871496.242
   11690    -2289910.096 5827286.299000001 2864651.6190000004
   11691    -2289629.232     5830771.312     2857803.483
   11692    -2289345.076     5834249.193     2850951.846
   11693     -2289057.63 5837719.9350000005     2844096.722
   11694    -2288766.895     5841183.539      2837238.11
   11695    -2288472.872     5844639.994     2830376.027
   11696 -2288175.5629999996     5848089.301 2823510.4729999998
   11697    -2287874.969     5851531.453     2816641.461
   11698    -2287571.091     5854966.442     2809769.004
   11699    -2287263.932      5858394.27 2802893.0999999996
   11700 -2286953.4910000004     5861814.927     2796013.764
   11701    -2286639.772     5865228.409 2789131.0069999998
   11702    -2286322.775     5868634.715      2782244.83
   11703    -2286002.501     5872033.837     2775355.245
   11704    -2285678.952     5875425.769     2768462.265
   11705 -2285352.1300000004     5878810.512     2761565.889
   11706    -2285022.036     5882188.055     2754666.136
   11707    -2284688.671     5885558.398 2747763.0039999997
   11708    -2284352.037     5888921.535 2740856.5069999998
   11709    -2284012.135      5892277.46     2733946.657
   11710    -2283668.968     5895626.171     2727033.454
   11711 -2283322.5349999997 5898967.663000001     2720116.911
   11712    -2282972.839     5902301.928 2713197.0409999997
   11713    -2282619.881     5905628.966     2706273.843
   11714    -2282263.663 5908948.768999999     2699347.335
   11715    -2281904.186 5912261.335999999     2692417.516
   11716    -2281541.452      5915566.66 2685484.3989999997
   11717 -2281175.4620000003     5918864.735     2678547.997
   11718 -2280806.2169999997     5922155.561      2671608.31
   11719     -2280433.72     5925439.131 2664665.3510000003
   11720 -2280057.9710000004     5928715.438     2657719.133
   11721    -2279678.973     5931984.483     2650769.654
   11722 -2279296.7260000003     5935246.256     2643816.934
   11723    -2278911.233     5938500.758     2636860.971
   11724    -2278522.494 5941747.981000001     2629901.778
   11725    -2278130.511      5944987.92     2622939.368
   11726 -2277735.2860000003     5948220.573     2615973.741
   11727    -2277336.821     5951445.935      2609004.91
   11728    -2276935.117 5954663.999000001 2602032.8869999996
   11729    -2276530.175     5957874.765     2595057.673
   11730    -2276121.997 5961078.225000001 2588079.2849999997
   11731    -2275710.584 5964274.376999999 2581097.7229999998
   11732 -2275295.9390000002     5967463.216     2574112.999
   11733 -2274878.0620000004 5970644.734999999     2567125.127
   11734    -2274456.956     5973818.934     2560134.106
   11735    -2274032.622     5976985.807     2553139.949
   11736    -2273605.061     5980145.347 2546142.6689999998
   11737    -2273174.275     5983297.554     2539142.266
   11738    -2272740.265     5986442.421     2532138.753
   11739    -2272303.034     5989579.944 2525132.1429999997
   11740    -2271862.583      5992710.12     2518122.436
   11741    -2271418.913     5995832.941     2511109.649
   11742    -2270972.026     5998948.409     2504093.781
   11743    -2270521.924 6002056.515000001     2497074.848
   11744    -2270068.608     6005157.254 2490052.8589999997
   11745 -2269612.0810000002     6008250.627 2483027.8159999996
   11746 -2269152.3419999997     6011336.626 2475999.7320000003
   11747    -2268689.395     6014415.245 2468968.6190000004
   11748    -2268223.241     6017486.484     2461934.477
   11749    -2267753.881     6020550.335 2454897.3249999997
   11750    -2267281.317 6023606.7979999995     2447857.161
   11751    -2266805.551 6026655.867000001     2440813.999
   11752    -2266326.584     6029697.534 2433767.8510000003
   11753    -2265844.418     6032731.801     2426718.718
   11754 -2265359.0549999997     6035758.661     2419666.613
   11755    -2264870.497     6038778.108     2412611.548
   11756    -2264378.745 6041790.141000001 2405553.5239999997
   11757 -2263883.8000000003     6044794.754 2398492.5579999997
   11758 -2263385.6649999996 6047791.943999999 2391428.6489999997
   11759    -2262884.341     6050781.707     2384361.812
   11760     -2262379.83 6053764.035999999     2377292.058
   11761    -2261872.133     6056738.931     2370219.388
   11762 -2261361.2520000003     6059706.386 2363143.8140000002
   11763     -2260847.19     6062666.396 2356065.3510000003
   11764    -2260329.947 6065618.959000001     2348983.997
   11765    -2259809.525     6068564.068 2341899.7709999997
   11766 -2259285.9269999997     6071501.723     2334812.671
   11767    -2258759.153 6074431.9180000005     2327722.712
   11768    -2258229.206     6077354.647     2320629.906
   11769    -2257696.087     6080269.909     2313534.253
   11770    -2257159.798     6083177.699     2306435.766
   11771    -2256620.341     6086078.011 2299334.4579999996
   11772    -2256077.718 6088970.8440000005      2292230.33
   11773    -2255531.929     6091856.192     2285123.399
   11774    -2254982.978     6094734.053     2278013.664
   11775 -2254430.8649999998     6097604.422 2270901.1380000003
   11776 -2253875.5930000003     6100467.293     2263785.836
   11777    -2253317.163     6103322.666     2256667.756
   11778    -2252755.577     6106170.534     2249546.912
   11779 -2252190.8370000003     6109010.894     2242423.318
   11780 -2251622.9450000003 6111843.743000001     2235296.972
   11781 -2251051.9020000002     6114669.076     2228167.888
   11782    -2250477.711     6117486.888     2221036.079
   11783    -2249900.372 6120297.177999999 2213901.5450000004
   11784    -2249319.888 6123099.938999999     2206764.305
   11785    -2248736.261     6125895.171 2199624.3559999997
   11786    -2248149.492 6128682.867000001     2192481.713
   11787    -2247559.583     6131463.023      2185336.39
   11788    -2246966.537     6134235.638     2178188.385
   11789 -2246370.3540000003     6137000.706     2171037.712
   11790    -2245771.037     6139758.222     2163884.384
   11791 -2245168.5870000003     6142508.185     2156728.401
   11792    -2244563.007 6145250.589000001     2149569.781
   11793    -2243954.298     6147985.432 2142408.5239999997
   11794 -2243342.4620000003      6150712.71     2135244.642
   11795 -2242727.5009999997     6153432.417 2128078.1489999997
   11796    -2242109.417     6156144.553     2120909.046
   11797 -2241488.2109999997 6158849.1110000005     2113737.344
   11798    -2240863.886 6161546.086999999     2106563.058
   11799    -2240236.443     6164235.481     2099386.187
   11800    -2239605.884     6166917.285 2092206.7489999998
   11801 -2238972.2120000003     6169591.498 2085024.7439999997
   11802    -2238335.427     6172258.116     2077840.185
   11803    -2237695.532     6174917.133     2070653.087
   11804    -2237052.529     6177568.549 2063463.4460000002
   11805     -2236406.42     6180212.358 2056271.2780000002
   11806 -2235757.2060000002     6182848.556     2049076.596
   11807    -2235104.889 6185477.141000001 2041879.4000000001
   11808 -2234449.4719999996     6188098.108     2034679.707
   11809    -2233790.956     6190711.454     2027477.517
   11810    -2233129.343     6193317.176     2020272.844
   11811    -2232464.635     6195915.268     2013065.701
   11812 -2231796.8340000003     6198505.729 2005856.0869999998
   11813 -2231125.9420000003 6201088.555000001     1998644.017
   11814    -2230451.961      6203663.74     1991429.503
   11815 -2229774.8929999997     6206231.283 1984212.5450000002
   11816    -2229094.739     6208791.181 1976993.1570000001
   11817    -2228411.502     6211343.427     1969771.351
   11818    -2227725.184     6213888.021     1962547.129
   11819    -2227035.786     6216424.956     1955320.507
   11820    -2226343.311     6218954.233     1948091.486
   11821     -2225647.76     6221475.845     1940860.078


**************************************************************
* End_leader_datapoints:_NORMAL
**************************************************************
