
gf3_dump_header2doris.py v1,0, doris software, 2021

**************************************************************
*_Start_readfiles:
**************************************************************
Volume file:                                      	GF3_SAY_FSI_021433_E116.3_N39.9_20200904_L1A_HHHV_L10005038315.meta.xml
Volume_ID:                                        	SLC
Volume_set_identifier:                            	DUMMY
(Check)Number of records in ref. file:            	23308
SAR_PROCESSOR:                                    	SAY
Product type specifier:                           	GF3
Logical volume generating facility:               	SAY
Logical volume creation date:                     	2020-09-05 08:06:08
Location and date/time of product creation:       	2020-09-05 08:06:08
Scene identification:                             	Orbit: 21433 DEC Mode: FSI
Scene location:                                   	lat: 39.923275 lon: 116.328863
Leader file:                                      	GF3_SAY_FSI_021433_E116.3_N39.9_20200904_L1A_HHHV_L10005038315.meta.xml
Sensor platform mission identifer:                	GF3
Scene_centre_latitude:                            	39.923275
Scene_centre_longitude:                           	116.328863
Radar_wavelength (m):                             	0.055517
First_pixel_azimuth_time (UTC):                   	04-Sep-2020 22:29:54.196136
Pulse_Repetition_Frequency (computed, Hz):        	2576.961670
Total_azimuth_band_width (Hz):                    	1482.864794
Weighting_azimuth:                                	Unknown
Xtrack_f_DC_constant (Hz, early edge):            	17.854173
Xtrack_f_DC_linear (Hz/s, early edge):            	-0.011438
Xtrack_f_DC_quadratic (Hz/s/s, early edge):       	0.000009
Range_time_to_first_pixel (2way) (ms):            	5.5432444556960805
Range_sampling_rate (computed, MHz):              	133.333333
Total_range_band_width (MHz):                     	100.000000
Weighting_range:                                  	Unknown

**************************************************************
Datafile:                                         	GF3_SAY_FSI_021433_E116.3_N39.9_20200904_L1A_HH_L10005038315.tiff
Dataformat:                                       	TIFF
Number_of_lines_original:                         	23308
Number_of_pixels_original:                        	22270
**************************************************************
* End_readfiles:_NORMAL
**************************************************************


**************************************************************
*_Start_leader_datapoints
**************************************************************
 t(s)		X(m)		Y(m)		Z(m)
NUMBER_OF_DATAPOINTS: 			221

   80895 -2695020.250000  4238914.500000  5052209.500000
   80896 -2696187.250000  4244327.000000  5047053.500000
   80897 -2697350.500000  4249734.500000  5041892.000000
   80898 -2698510.000000  4255138.000000  5036725.500000
   80899 -2699665.500000  4260536.500000  5031553.000000
   80900 -2700817.500000  4265930.500000  5026375.000000
   80901 -2701965.750000  4271320.500000  5021191.500000
   80902 -2703110.250000  4276705.500000  5016002.500000
   80903 -2704251.000000  4282086.500000  5010808.000000
   80904 -2705388.000000  4287462.500000  5005608.000000
   80905 -2706521.250000  4292834.000000  5000402.000000
   80906 -2707650.750000  4298201.000000  4995191.000000
   80907 -2708776.500000  4303564.000000  4989974.500000
   80908 -2709898.500000  4308922.000000  4984752.500000
   80909 -2711016.750000  4314275.500000  4979524.500000
   80910 -2712131.250000  4319624.000000  4974291.500000
   80911 -2713242.000000  4324968.500000  4969053.000000
   80912 -2714349.000000  4330308.500000  4963808.500000
   80913 -2715452.250000  4335643.500000  4958559.000000
   80914 -2716551.750000  4340974.000000  4953304.000000
   80915 -2717647.500000  4346300.000000  4948043.500000
   80916 -2718739.500000  4351621.500000  4942777.500000
   80917 -2719827.750000  4356938.500000  4937506.000000
   80918 -2720912.250000  4362250.500000  4932229.500000
   80919 -2721993.000000  4367558.000000  4926947.000000
   80920 -2723070.000000  4372861.000000  4921659.000000
   80921 -2724143.250000  4378159.500000  4916366.000000
   80922 -2725212.750000  4383453.000000  4911067.500000
   80923 -2726278.500000  4388742.000000  4905763.500000
   80924 -2727340.500000  4394026.500000  4900454.000000
   80925 -2728398.750000  4399306.000000  4895139.000000
   80926 -2729453.000000  4404581.000000  4889819.000000
   80927 -2730503.750000  4409851.500000  4884493.000000
   80928 -2731550.750000  4415117.500000  4879162.000000
   80929 -2732594.000000  4420378.500000  4873826.000000
   80930 -2733633.500000  4425634.500000  4868484.000000
   80931 -2734669.000000  4430886.500000  4863137.000000
   80932 -2735701.000000  4436133.500000  4857784.500000
   80933 -2736729.000000  4441375.500000  4852426.500000
   80934 -2737753.500000  4446613.000000  4847063.000000
   80935 -2738774.000000  4451846.000000  4841694.500000
   80936 -2739791.000000  4457074.000000  4836320.500000
   80937 -2740804.000000  4462297.500000  4830941.500000
   80938 -2741813.500000  4467516.000000  4825557.000000
   80939 -2742819.000000  4472730.000000  4820167.000000
   80940 -2743820.750000  4477939.000000  4814772.000000
   80941 -2744819.000000  4483143.500000  4809371.500000
   80942 -2745813.000000  4488343.000000  4803965.500000
   80943 -2746803.750000  4493537.500000  4798554.500000
   80944 -2747790.500000  4498728.000000  4793138.000000
   80945 -2748773.500000  4503913.000000  4787716.000000
   80946 -2749752.500000  4509093.500000  4782289.000000
   80947 -2750728.000000  4514269.000000  4776857.000000
   80948 -2751699.750000  4519440.000000  4771419.500000
   80949 -2752667.750000  4524606.000000  4765976.500000
   80950 -2753632.000000  4529767.500000  4760528.500000
   80951 -2754592.250000  4534924.000000  4755075.000000
   80952 -2755549.000000  4540075.500000  4749616.500000
   80953 -2756501.750000  4545222.500000  4744153.000000
   80954 -2757450.750000  4550364.000000  4738683.500000
   80955 -2758396.250000  4555501.500000  4733209.500000
   80956 -2759337.750000  4560633.500000  4727730.000000
   80957 -2760275.500000  4565761.000000  4722245.500000
   80958 -2761209.500000  4570883.500000  4716755.500000
   80959 -2762139.750000  4576001.000000  4711260.000000
   80960 -2763066.250000  4581114.000000  4705760.000000
   80961 -2763989.000000  4586222.000000  4700254.500000
   80962 -2764907.750000  4591325.000000  4694743.500000
   80963 -2765823.000000  4596423.000000  4689228.000000
   80964 -2766734.500000  4601516.500000  4683707.000000
   80965 -2767642.000000  4606604.500000  4678180.500000
   80966 -2768545.750000  4611688.000000  4672649.500000
   80967 -2769446.000000  4616766.500000  4667112.500000
   80968 -2770342.250000  4621840.000000  4661571.000000
   80969 -2771234.750000  4626908.500000  4656024.000000
   80970 -2772123.500000  4631972.500000  4650472.500000
   80971 -2773008.500000  4637031.000000  4644915.000000
   80972 -2773889.750000  4642085.000000  4639353.000000
   80973 -2774767.000000  4647134.000000  4633785.500000
   80974 -2775640.750000  4652177.500000  4628213.000000
   80975 -2776510.500000  4657216.500000  4622635.500000
   80976 -2777376.750000  4662250.500000  4617053.000000
   80977 -2778239.000000  4667279.500000  4611465.500000
   80978 -2779097.500000  4672303.500000  4605872.500000
   80979 -2779952.500000  4677322.500000  4600274.500000
   80980 -2780803.500000  4682336.500000  4594671.500000
   80981 -2781650.500000  4687345.500000  4589063.500000
   80982 -2782494.000000  4692349.500000  4583450.500000
   80983 -2783333.750000  4697348.500000  4577832.500000
   80984 -2784169.750000  4702342.500000  4572209.000000
   80985 -2785001.750000  4707331.500000  4566581.000000
   80986 -2785830.000000  4712315.000000  4560947.500000
   80987 -2786654.750000  4717294.000000  4555309.000000
   80988 -2787475.500000  4722268.000000  4549666.000000
   80989 -2788292.500000  4727236.500000  4544017.500000
   80990 -2789105.750000  4732200.000000  4538364.000000
   80991 -2789915.250000  4737159.000000  4532705.500000
   80992 -2790721.000000  4742112.500000  4527042.500000
   80993 -2791522.750000  4747061.000000  4521374.000000
   80994 -2792321.000000  4752004.500000  4515700.500000
   80995 -2793115.250000  4756942.500000  4510022.000000
   80996 -2793905.750000  4761876.000000  4504339.000000
   80997 -2794692.500000  4766804.000000  4498650.500000
   80998 -2795475.500000  4771727.000000  4492957.000000
   80999 -2796255.000000  4776645.000000  4487259.000000
   81000 -2797030.250000  4781557.500000  4481556.000000
   81001 -2797802.000000  4786465.500000  4475847.500000
   81002 -2798570.000000  4791368.000000  4470134.500000
   81003 -2799334.000000  4796265.000000  4464416.500000
   81004 -2800094.500000  4801157.500000  4458693.500000
   81005 -2800851.000000  4806044.500000  4452966.000000
   81006 -2801603.750000  4810926.500000  4447233.000000
   81007 -2802352.750000  4815803.500000  4441495.500000
   81008 -2803098.000000  4820675.000000  4435753.000000
   81009 -2803839.250000  4825541.500000  4430005.500000
   81010 -2804577.000000  4830402.500000  4424253.000000
   81011 -2805311.000000  4835258.500000  4418496.000000
   81012 -2806041.000000  4840109.500000  4412733.500000
   81013 -2806767.250000  4844955.500000  4406966.500000
   81014 -2807489.750000  4849796.000000  4401195.000000
   81015 -2808208.500000  4854631.000000  4395418.000000
   81016 -2808923.500000  4859461.500000  4389636.500000
   81017 -2809634.750000  4864286.000000  4383850.500000
   81018 -2810342.250000  4869106.000000  4378059.000000
   81019 -2811045.750000  4873920.000000  4372263.000000
   81020 -2811745.750000  4878729.500000  4366462.000000
   81021 -2812441.750000  4883533.500000  4360656.500000
   81022 -2813134.000000  4888332.000000  4354846.000000
   81023 -2813822.500000  4893125.500000  4349030.500000
   81024 -2814507.250000  4897913.500000  4343210.500000
   81025 -2815188.250000  4902696.500000  4337385.500000
   81026 -2815865.500000  4907474.000000  4331556.000000
   81027 -2816539.000000  4912246.500000  4325721.500000
   81028 -2817208.500000  4917013.500000  4319882.500000
   81029 -2817874.250000  4921775.500000  4314038.500000
   81030 -2818536.500000  4926532.000000  4308189.500000
   81031 -2819194.750000  4931283.500000  4302336.000000
   81032 -2819849.250000  4936029.000000  4296478.000000
   81033 -2820500.000000  4940770.000000  4290615.000000
   81034 -2821146.750000  4945505.000000  4284747.000000
   81035 -2821790.000000  4950235.000000  4278874.500000
   81036 -2822429.500000  4954959.500000  4272997.500000
   81037 -2823065.000000  4959679.000000  4267115.500000
   81038 -2823696.750000  4964393.000000  4261229.000000
   81039 -2824324.750000  4969101.500000  4255337.500000
   81040 -2824949.000000  4973805.000000  4249441.500000
   81041 -2825569.500000  4978502.500000  4243541.000000
   81042 -2826186.250000  4983195.000000  4237635.500000
   81043 -2826799.250000  4987882.500000  4231725.500000
   81044 -2827408.250000  4992564.000000  4225810.500000
   81045 -2828013.750000  4997240.500000  4219891.500000
   81046 -2828615.250000  5001911.500000  4213967.500000
   81047 -2829213.000000  5006577.500000  4208038.500000
   81048 -2829807.000000  5011237.500000  4202105.500000
   81049 -2830397.500000  5015892.500000  4196167.500000
   81050 -2830984.000000  5020542.000000  4190224.750000
   81051 -2831566.500000  5025186.000000  4184277.500000
   81052 -2832145.500000  5029824.500000  4178325.500000
   81053 -2832720.500000  5034457.500000  4172369.250000
   81054 -2833292.000000  5039085.500000  4166408.000000
   81055 -2833859.500000  5043707.500000  4160442.500000
   81056 -2834423.500000  5048324.500000  4154472.250000
   81057 -2834983.500000  5052936.000000  4148497.500000
   81058 -2835539.750000  5057542.000000  4142518.000000
   81059 -2836092.000000  5062142.500000  4136534.000000
   81060 -2836640.750000  5066737.500000  4130545.500000
   81061 -2837185.750000  5071327.000000  4124552.500000
   81062 -2837727.000000  5075911.000000  4118554.750000
   81063 -2838264.250000  5080490.000000  4112552.500000
   81064 -2838798.000000  5085063.000000  4106545.750000
   81065 -2839327.750000  5089630.500000  4100534.500000
   81066 -2839853.750000  5094193.000000  4094518.750000
   81067 -2840376.000000  5098749.500000  4088498.500000
   81068 -2840894.500000  5103300.500000  4082473.500000
   81069 -2841409.250000  5107846.000000  4076444.250000
   81070 -2841920.000000  5112386.500000  4070410.500000
   81071 -2842427.250000  5116921.000000  4064372.250000
   81072 -2842930.750000  5121450.000000  4058329.500000
   81073 -2843430.250000  5125973.500000  4052282.000000
   81074 -2843926.250000  5130491.500000  4046230.250000
   81075 -2844418.250000  5135004.000000  4040174.000000
   81076 -2844906.500000  5139510.500000  4034113.500000
   81077 -2845391.000000  5144012.000000  4028048.250000
   81078 -2845871.750000  5148508.000000  4021978.750000
   81079 -2846348.750000  5152998.000000  4015904.750000
   81080 -2846822.000000  5157482.500000  4009826.250000
   81081 -2847291.500000  5161961.500000  4003743.500000
   81082 -2847757.250000  5166435.000000  3997656.250000
   81083 -2848219.000000  5170903.000000  3991564.500000
   81084 -2848677.250000  5175365.000000  3985468.500000
   81085 -2849131.500000  5179822.000000  3979368.000000
   81086 -2849582.000000  5184273.000000  3973263.000000
   81087 -2850029.000000  5188718.000000  3967153.750000
   81088 -2850472.000000  5193158.000000  3961040.000000
   81089 -2850911.250000  5197592.000000  3954922.000000
   81090 -2851346.750000  5202021.000000  3948799.750000
   81091 -2851778.500000  5206443.500000  3942673.000000
   81092 -2852206.500000  5210861.000000  3936541.750000
   81093 -2852630.750000  5215272.500000  3930406.500000
   81094 -2853051.250000  5219678.500000  3924266.500000
   81095 -2853467.750000  5224079.000000  3918122.500000
   81096 -2853880.750000  5228473.500000  3911974.000000
   81097 -2854290.000000  5232862.500000  3905821.500000
   81098 -2854695.250000  5237246.000000  3899664.250000
   81099 -2855097.000000  5241623.500000  3893503.000000
   81100 -2855494.750000  5245995.500000  3887337.250000
   81101 -2855888.750000  5250362.000000  3881167.500000
   81102 -2856279.000000  5254722.500000  3874993.000000
   81103 -2856665.500000  5259077.500000  3868814.500000
   81104 -2857048.500000  5263426.500000  3862631.750000
   81105 -2857427.500000  5267770.000000  3856444.750000
   81106 -2857802.750000  5272107.500000  3850253.500000
   81107 -2858174.250000  5276439.500000  3844058.000000
   81108 -2858542.000000  5280766.000000  3837858.250000
   81109 -2858906.000000  5285086.500000  3831654.250000
   81110 -2859266.000000  5289401.500000  3825446.000000
   81111 -2859622.500000  5293710.500000  3819233.500000
   81112 -2859975.250000  5298014.000000  3813016.750000
   81113 -2860324.250000  5302311.500000  3806796.000000
   81114 -2860669.500000  5306603.500000  3800570.750000
   81115 -2861010.750000  5310889.500000  3794341.500000


**************************************************************
* End_leader_datapoints:_NORMAL
**************************************************************
